image: blank.pgm
resolution: 0.050000
origin: [-2.800000, -2.700000, 0.0]
negate: 0
occupied_thresh: 0.65
free_thresh: 0.196
